,country,sum,estimated_perc_pop,estimated_numb,population,civil_pol_protect,soc_health_eco_rigths,security,refugee_and_conflict,num_NGOs,region,perc_sexual_slavery,est_sexual_slavery,ss_per_100000,gov_effort,ngo_effort,vul_mean,labels
0,Canada,33.0,0.018,6500.0,35871000.0,17.59,23.64,15.48,36.11,5.0,North America,11.4,741.0,2.1,15.7142857143,2.38095238095,23.205,5
1,Turkmenistan,9.0,0.295,15800.0,5374000.0,68.14,28.65,43.34,9.22,0.0,Central Asia,24.8,3918.4,72.9,0.123456790123,0.0,37.3375,2
2,Lithuania,26.0,0.404,11800.0,2920000.0,35.09,20.58,34.1,16.94,4.0,Europe,22.1,2607.8,89.3,0.291153415454,0.0447928331467,26.6775,2
3,Cambodia,16.0,1.648,256800.0,15578000.0,53.68,42.96,57.4,12.0,29.0,Southeast Asia,8.4,21571.2,138.5,0.115523465704,0.209386281588,41.51,2
4,Ethiopia,15.0,0.414,411600.0,99391000.0,59.75,54.68,34.16,59.77,5.0,Africa,12.3,50626.8,50.9,0.294695481336,0.098231827112,52.09,2
5,Swaziland,18.0,0.674,8700.0,1287000.0,57.69,53.88,67.33,15.39,0.0,Europe,22.1,1922.7,149.4,0.120481927711,0.0,48.5725,2
6,Argentina,29.0,0.404,175500.0,43417000.0,35.63,18.5,34.04,25.36,8.0,South America,23.0,40365.0,93.0,0.311827956989,0.0860215053763,28.3825,2
7,Bolivia,13.0,0.437,46900.0,10725000.0,49.71,32.08,38.69,16.57,2.0,South America,23.0,10787.0,100.6,0.129224652087,0.0198807157058,34.2625,2
8,Cameroon,15.0,0.626,146100.0,23344000.0,61.31,43.37,47.95,52.51,4.0,Africa,12.3,17970.3,77.0,0.194805194805,0.0519480519481,51.285,2
9,Burkina Faso,22.0,0.638,115600.0,18106000.0,59.55,40.77,40.73,25.98,2.0,Africa,12.3,14218.8,78.5,0.28025477707,0.0254777070064,41.7575,2
10,Ghana,14.0,0.377,103300.0,27410000.0,51.89,38.42,47.45,28.26,18.0,Africa,12.3,12705.9,46.4,0.301724137931,0.387931034483,41.505,2
11,Saudi Arabia,15.0,0.292,92100.0,31540000.0,64.94,30.92,37.2,28.84,0.0,Western Asia,16.1,14828.1,47.0,0.31914893617,0.0,40.475,2
12,Cape Verde,12.0,0.453,2400.0,521000.0,33.33,20.3,55.4,36.34,0.0,Africa,12.3,295.2,56.7,0.21164021164,0.0,36.3425,2
13,Slovenia,29.0,0.228,4700.0,2066000.0,21.82,22.08,28.5,13.72,2.0,Europe,22.1,1038.7,50.3,0.576540755467,0.0397614314115,21.53,2
14,Guatemala,23.0,0.845,138100.0,16343000.0,48.75,34.25,57.12,20.33,7.0,Central America,10.9,15052.9,92.1,0.249728555917,0.0760043431053,40.1125,2
15,Bosnia and Herzegovina,26.0,0.467,17800.0,3810000.0,58.88,25.21,32.99,26.43,14.0,Europe,22.1,3933.8,103.2,0.251937984496,0.135658914729,35.8775,2
16,Kuwait,8.0,0.467,18200.0,3892000.0,59.29,27.97,41.3,15.89,1.0,Western Asia,16.1,2930.2,75.3,0.106241699867,0.0132802124834,36.1125,2
17,Germany,31.0,0.018,14500.0,80738000.0,23.61,19.97,20.81,40.76,64.0,Europe,22.1,3204.5,4.0,7.75,16.0,26.2875,3
18,Spain,35.0,0.018,8400.0,46513000.0,25.14,23.19,18.65,29.67,20.0,Europe,22.1,1856.4,4.0,8.75,5.0,24.1625,0
19,Liberia,13.0,0.638,28700.0,4503000.0,57.93,44.62,44.45,29.43,2.0,Africa,12.3,3530.1,78.4,0.165816326531,0.0255102040816,44.1075,2
20,Netherlands,40.0,0.104,17500.0,16896000.0,17.6,17.86,21.64,28.58,21.0,Europe,22.1,3867.5,22.9,1.74672489083,0.917030567686,21.42,7
21,Pakistan,19.0,1.13,2134900.0,188925000.0,58.4,41.98,52.7,96.79,12.0,South Asia,24.8,529455.2,280.2,0.0678087080657,0.0428265524625,62.4675,2
22,Oman,17.0,0.295,13200.0,4491000.0,57.65,21.03,62.88,12.6,0.0,Western Asia,16.1,2125.2,47.3,0.359408033827,0.0,38.54,2
23,Tanzania,13.0,0.638,341400.0,53470000.0,51.66,54.67,47.66,40.46,5.0,Africa,12.3,41992.2,78.5,0.165605095541,0.0636942675159,48.6125,2
24,Ivory Coast,18.0,0.638,144900.0,22702000.0,62.07,38.72,46.22,33.45,0.0,Africa,12.3,17822.7,78.5,0.229299363057,0.0,45.115,2
25,Gabon,15.0,0.295,5100.0,1725000.0,51.58,31.51,42.38,16.97,1.0,Africa,12.3,627.3,36.4,0.412087912088,0.0274725274725,35.61,2
26,New Zealand,33.0,0.018,800.0,4552000.0,13.31,22.24,16.09,21.51,6.0,Oceania,20.0,160.0,3.5,9.42857142857,1.71428571429,18.2875,4
27,Jamaica,26.0,0.212,5800.0,2734000.0,43.21,30.91,46.13,8.68,5.0,Caribbean,10.9,632.2,23.1,1.12554112554,0.21645021645,32.2325,7
28,Albania,31.0,0.295,8600.0,2906000.0,52.88,29.58,42.36,18.25,17.0,Europe,22.1,1900.6,65.4,0.474006116208,0.25993883792,35.7675,2
29,United Arab Emirates,29.0,0.404,37000.0,9157000.0,41.71,22.64,30.75,18.36,2.0,Western Asia,16.1,5957.0,65.1,0.445468509985,0.0307219662058,28.365,2
30,Uruguay,23.0,0.228,7800.0,3432000.0,26.65,20.69,28.36,13.89,0.0,South America,23.0,1794.0,52.3,0.439770554493,0.0,22.3975,2
31,India,22.0,1.4,18354700.0,1311051000.0,37.07,36.68,43.88,87.78,100.0,South Asia,24.8,4551965.6,347.2,0.0633640552995,0.28801843318,51.3525,2
32,Azerbaijan,18.0,0.467,45000.0,9635000.0,68.9,28.23,28.17,23.05,3.0,Western Asia,16.1,7245.0,75.2,0.239361702128,0.0398936170213,37.0875,2
33,Lesotho,23.0,0.674,14400.0,2135000.0,40.33,52.26,68.23,9.58,0.0,Africa,12.3,1771.2,83.0,0.277108433735,0.0,42.6,2
34,Kenya,14.0,0.41,188800.0,46050000.0,54.53,52.84,46.75,72.28,7.0,Africa,12.3,23222.4,50.4,0.277777777778,0.138888888889,56.6,2
35,South Korea,17.0,0.404,204900.0,50672000.0,38.2,34.64,28.98,17.32,12.0,East Asia,8.4,17211.6,34.0,0.5,0.352941176471,29.785,2
37,Turkey,28.0,0.626,480300.0,76721000.0,45.47,29.38,44.11,57.55,4.0,Western Asia,16.1,77328.3,100.8,0.277777777778,0.0396825396825,44.1275,2
38,Bangladesh,25.0,0.951,1531300.0,160996000.0,46.78,46.04,33.63,50.02,10.0,South Asia,24.8,379762.4,235.9,0.105977108944,0.0423908435778,44.1175,2
39,Mauritania,10.0,1.058,43000.0,4068000.0,65.96,40.54,49.85,30.74,4.0,Africa,12.3,5289.0,130.0,0.0769230769231,0.0307692307692,46.7725,2
40,Mongolia,14.0,0.295,8700.0,2959000.0,39.22,36.74,40.87,3.54,1.0,East Asia,8.4,730.8,24.7,0.566801619433,0.0404858299595,30.0925,2
41,France,26.0,0.018,12000.0,66389000.0,26.13,20.27,18.01,44.77,12.0,Europe,22.1,2652.0,4.0,6.5,3.0,27.295,6
42,Rwanda,18.0,0.638,74100.0,11610000.0,55.44,47.65,46.23,42.0,4.0,Africa,12.3,9114.3,78.5,0.229299363057,0.0509554140127,47.83,2
43,Slovakia,29.0,0.228,12400.0,5426000.0,32.47,20.94,31.6,16.42,2.0,Europe,22.1,2740.4,50.5,0.574257425743,0.039603960396,25.3575,2
44,Peru,25.0,0.639,200500.0,31377000.0,43.85,31.98,44.81,30.33,9.0,South America,23.0,46115.0,147.0,0.170068027211,0.0612244897959,37.7425,2
45,Laos,15.0,0.295,20000.0,6802000.0,56.64,34.01,53.98,1.19,4.0,Southeast Asia,8.4,1680.0,24.7,0.607287449393,0.161943319838,36.455,2
47,Norway,34.0,0.018,900.0,5188000.0,17.88,19.9,14.85,34.9,12.0,Europe,22.1,198.9,3.8,8.94736842105,3.15789473684,21.8825,4
48,Malawi,13.0,0.674,116100.0,17215000.0,54.63,56.74,47.78,21.06,2.0,Africa,12.3,14280.3,83.0,0.156626506024,0.0240963855422,45.0525,2
49,Benin,23.0,0.295,32100.0,10880000.0,46.95,36.52,39.7,14.9,3.0,Africa,12.3,3948.3,36.3,0.633608815427,0.0826446280992,34.5175,2
50,Cuba,10.0,0.332,37800.0,11390000.0,53.6,26.6,34.0,13.99,0.0,Caribbean,10.9,4120.2,36.2,0.276243093923,0.0,32.0475,2
51,Montenegro,30.0,0.404,2500.0,622000.0,41.68,22.15,38.08,23.45,2.0,Europe,22.1,552.5,88.8,0.337837837838,0.0225225225225,31.34,2
52,Togo,15.0,0.638,46600.0,7305000.0,64.78,39.82,47.78,24.09,2.0,Africa,12.3,5731.8,78.5,0.191082802548,0.0254777070064,44.1175,2
53,China,18.0,0.247,3388400.0,1371738000.0,55.12,26.9,43.84,52.78,1.0,East Asia,8.4,284625.6,20.7,0.869565217391,0.048309178744,44.66,7
54,Armenia,23.0,0.467,14100.0,3018000.0,53.66,27.38,42.63,24.9,3.0,Western Asia,16.1,2270.1,75.2,0.30585106383,0.0398936170213,37.1425,2
55,Dominican Republic,27.0,0.995,104800.0,10528000.0,47.97,33.84,46.38,24.33,2.0,Caribbean,10.9,11423.2,108.5,0.248847926267,0.0184331797235,38.13,2
56,Ukraine,24.0,0.467,210400.0,45064000.0,61.97,21.39,35.8,43.41,8.0,Europe,22.1,46498.4,103.2,0.232558139535,0.077519379845,40.6425,2
57,Bahrain,18.0,0.467,6400.0,1377000.0,54.41,33.14,41.45,31.26,1.0,Western Asia,16.1,1030.4,74.8,0.24064171123,0.0133689839572,40.065,2
58,Finland,29.0,0.123,6700.0,5485000.0,22.07,19.69,19.08,22.66,8.0,Europe,22.1,1480.7,27.0,1.07407407407,0.296296296296,20.875,7
59,Indonesia,20.0,0.286,736100.0,257564000.0,39.15,43.35,50.38,36.01,8.0,Southeast Asia,8.4,61832.4,24.0,0.833333333333,0.333333333333,42.2225,7
60,Central African Republic,3.0,1.13,55400.0,4900000.0,83.67,48.67,85.43,62.21,1.0,Africa,12.3,6814.2,139.1,0.0215672178289,0.00718907260963,69.995,2
61,Mauritius,18.0,0.165,2100.0,1265000.0,29.24,24.49,26.58,1.0,0.0,Africa,12.3,258.3,20.4,0.882352941176,0.0,20.3275,7
62,Tajikistan,18.0,0.638,54100.0,8482000.0,62.85,37.62,41.68,27.53,1.0,Central Asia,24.8,13416.8,158.2,0.113780025284,0.0063211125158,42.42,2
63,Sweden,38.0,0.018,1800.0,9754000.0,21.39,19.7,10.84,38.6,9.0,Europe,22.1,397.8,4.1,9.26829268293,2.19512195122,22.6325,4
64,Belarus,19.0,0.467,44600.0,9550000.0,58.41,20.48,35.88,23.8,4.0,Europe,22.1,9856.6,103.2,0.184108527132,0.0387596899225,34.6425,2
65,Mali,13.0,0.626,110200.0,17600000.0,64.04,34.08,31.69,57.41,2.0,Africa,12.3,13554.6,77.0,0.168831168831,0.025974025974,46.805,2
66,Russia,13.0,0.732,1048500.0,143335000.0,57.21,18.47,40.66,57.47,8.0,Central Asia,24.8,260028.0,181.4,0.0716648291069,0.0441014332966,43.4525,2
67,Bulgaria,26.0,0.404,29000.0,7176000.0,40.41,20.54,33.79,30.5,8.0,Europe,22.1,6409.0,89.3,0.291153415454,0.0895856662934,31.31,2
68,United States,45.0,0.018,57700.0,320821000.0,20.42,23.51,20.96,45.1,275.0,North America,11.4,6577.8,2.1,21.4285714286,130.952380952,27.4975,1
69,Romania,24.0,0.404,80200.0,19849000.0,39.26,25.86,31.83,18.74,17.0,Europe,22.1,17724.2,89.3,0.26875699888,0.190369540873,28.9225,2
70,Angola,13.0,0.638,159700.0,25022000.0,56.32,49.54,45.95,25.02,0.0,Africa,12.3,19643.1,78.5,0.165605095541,0.0,44.2075,2
71,Chad,14.0,0.638,89600.0,14037000.0,70.47,49.96,47.98,40.94,2.0,Africa,12.3,11020.8,78.5,0.178343949045,0.0254777070064,52.3375,2
72,South Africa,20.0,0.453,248700.0,54954000.0,40.27,43.06,58.3,41.84,25.0,Africa,12.3,30590.1,55.7,0.359066427289,0.448833034111,45.8675,2
73,Nicaragua,23.0,0.404,24600.0,6082000.0,43.53,31.92,39.79,23.67,4.0,North America,11.4,2804.4,46.1,0.498915401302,0.0867678958785,34.7275,2
74,Qatar,22.0,1.356,30300.0,2235000.0,48.79,15.26,50.5,12.3,0.0,Western Asia,16.1,4878.3,218.3,0.100778744847,0.0,31.7125,2
75,Malaysia,18.0,0.425,128800.0,30331000.0,34.9,32.43,46.39,40.33,7.0,Southeast Asia,8.4,10819.2,35.7,0.504201680672,0.196078431373,38.5125,2
76,Austria,33.0,0.018,1500.0,8566000.0,21.47,18.14,14.05,33.14,7.0,Europe,22.1,331.5,3.9,8.46153846154,1.79487179487,21.7,4
77,Vietnam,25.0,0.152,139300.0,91519000.0,51.19,29.94,35.22,1.0,10.0,Southeast Asia,8.4,11701.2,12.8,1.953125,0.78125,29.3375,7
78,Mozambique,20.0,0.52,145600.0,27978000.0,39.91,48.46,54.4,35.86,1.0,Africa,12.3,17908.8,64.0,0.3125,0.015625,44.6575,2
79,Uganda,25.0,0.626,244400.0,39032000.0,54.89,52.18,39.45,48.73,9.0,Africa,12.3,30061.2,77.0,0.324675324675,0.116883116883,48.8125,2
80,Hungary,32.0,0.228,22500.0,9836000.0,23.66,20.69,35.56,23.3,7.0,Europe,22.1,4972.5,50.6,0.632411067194,0.138339920949,25.8025,2
81,Niger,11.0,0.638,127000.0,19899000.0,57.7,48.17,42.13,40.38,1.0,Africa,12.3,15621.0,78.5,0.140127388535,0.0127388535032,47.095,2
82,Brazil,29.0,0.078,161100.0,207848000.0,37.98,20.46,45.88,30.74,6.0,South America,23.0,37053.0,17.8,1.62921348315,0.337078651685,33.765,7
83,Guinea,7.0,0.638,80500.0,12609000.0,66.89,41.58,52.68,28.67,3.0,Africa,12.3,9901.5,78.5,0.0891719745223,0.0382165605096,47.455,2
84,Panama,14.0,0.404,15900.0,3929000.0,37.46,29.14,46.18,23.55,1.0,Central America,10.9,1733.1,44.1,0.31746031746,0.0226757369615,34.0825,2
85,Guyana,13.0,0.62,4800.0,767000.0,39.35,25.57,83.5,5.81,0.0,South America,23.0,1104.0,143.9,0.090340514246,0.0,38.5575,2
86,Costa Rica,29.0,0.404,19400.0,4808000.0,36.35,24.4,33.82,23.97,8.0,Central America,10.9,2114.6,44.0,0.659090909091,0.181818181818,29.635,2
87,Luxembourg,18.0,0.018,100.0,562000.0,22.99,18.64,9.76,49.43,5.0,Europe,22.1,22.1,3.9,4.61538461538,1.28205128205,25.205,8
88,Ireland,28.0,0.018,800.0,4659000.0,19.07,22.62,20.21,33.13,11.0,Europe,22.1,176.8,3.8,7.36842105263,2.89473684211,23.7575,6
89,Nigeria,25.0,0.481,875500.0,182202000.0,60.94,47.84,59.76,80.84,39.0,Africa,12.3,107686.5,59.1,0.423011844332,0.659898477157,62.345,2
90,Ecuador,22.0,0.404,65300.0,16144000.0,43.69,29.23,37.74,29.98,8.0,South America,23.0,15019.0,93.0,0.236559139785,0.0860215053763,35.16,2
91,Czech Republic,27.0,0.404,42600.0,10549000.0,27.22,19.38,31.55,27.78,6.0,Europe,22.1,9414.6,89.2,0.30269058296,0.067264573991,26.4825,2
92,Brunei,6.0,0.805,3400.0,423000.0,60.78,30.99,99.99,63.93,0.0,Southeast Asia,8.4,285.6,67.5,0.0888888888889,0.0,63.9225,2
93,Australia,36.0,0.018,4300.0,23772000.0,15.14,19.85,17.45,35.49,10.0,Oceania,20.0,860.0,3.6,10.0,2.77777777778,21.9825,4
94,Iran,2.0,0.626,495300.0,79109000.0,70.71,32.99,48.6,51.44,0.0,South Asia,24.8,122834.4,155.3,0.0128783000644,0.0,50.935,2
95,Algeria,13.0,0.626,248300.0,39667000.0,51.03,28.1,47.02,51.46,1.0,Africa,12.3,30540.9,77.0,0.168831168831,0.012987012987,44.4025,2
96,El Salvador,22.0,0.295,18100.0,6127000.0,49.88,29.58,53.68,8.78,4.0,Central America,10.9,1972.9,32.2,0.683229813665,0.124223602484,35.48,2
97,Chile,28.0,0.154,27700.0,17948000.0,31.23,19.73,34.26,31.37,4.0,South America,23.0,6371.0,35.5,0.788732394366,0.112676056338,29.1475,7
98,Belgium,35.0,0.018,2000.0,11268000.0,25.42,19.83,24.03,31.28,9.0,Europe,22.1,442.0,3.9,8.97435897436,2.30769230769,25.14,4
99,Thailand,25.0,0.626,425500.0,67959000.0,49.23,28.62,48.97,63.33,29.0,Southeast Asia,8.4,35742.0,52.6,0.475285171103,0.551330798479,47.5375,2
100,Haiti,16.0,0.995,106600.0,10711000.0,57.68,56.2,58.13,2.6,2.0,North America,11.4,12152.4,113.5,0.140969162996,0.0176211453744,43.6525,2
101,Sierra Leone,20.0,0.674,43500.0,6453000.0,50.57,53.29,41.72,17.7,5.0,Africa,12.3,5350.5,82.9,0.241254523522,0.0603136308806,40.82,2
102,Georgia,32.0,0.467,20900.0,4487000.0,51.0,28.43,35.95,24.42,11.0,Western Asia,16.1,3364.9,75.0,0.426666666667,0.146666666667,34.95,2
103,Gambia,15.0,0.878,17500.0,1991000.0,59.3,29.27,74.18,22.63,1.0,Africa,12.3,2152.5,108.1,0.138760407031,0.00925069380204,46.345,2
104,Philippines,26.0,0.398,401000.0,100699000.0,44.76,39.62,52.34,53.95,25.0,Southeast Asia,8.4,33684.0,33.5,0.776119402985,0.746268656716,47.6675,7
105,Moldova,27.0,0.295,10400.0,3538000.0,47.52,28.2,38.04,14.41,10.0,Europe,22.1,2298.4,65.0,0.415384615385,0.153846153846,32.0425,2
106,Morocco,11.0,0.639,219700.0,34378000.0,55.83,18.58,56.08,22.18,4.0,Africa,12.3,27023.1,78.6,0.139949109415,0.0508905852417,38.1675,2
107,Croatia,35.0,0.404,17100.0,4225000.0,36.51,25.29,36.88,16.54,6.0,Europe,22.1,3779.1,89.4,0.391498881432,0.0671140939597,28.805,2
108,Switzerland,32.0,0.018,1500.0,8267000.0,16.93,16.6,13.69,30.98,14.0,Europe,22.1,331.5,4.0,8.0,3.5,19.55,6
109,Portugal,36.0,0.123,12800.0,10384000.0,21.5,22.62,16.06,16.89,2.0,Europe,22.1,2828.8,27.2,1.32352941176,0.0735294117647,19.2675,7
110,Estonia,22.0,0.404,5300.0,1310000.0,35.94,16.87,39.31,11.14,2.0,Europe,22.1,1171.3,89.4,0.246085011186,0.0223713646532,25.815,2
111,Kosovo,22.0,0.295,5400.0,1845000.0,55.11,39.25,42.13,15.94,1.0,Europe,22.1,1193.4,64.7,0.340030911901,0.015455950541,38.1075,2
112,Mexico,27.0,0.297,376800.0,127017000.0,43.03,30.36,52.84,61.85,21.0,North America,11.4,42955.2,33.8,0.798816568047,0.621301775148,47.02,7
113,Lebanon,20.0,0.626,28700.0,4591000.0,55.39,29.32,50.98,58.0,6.0,Western Asia,16.1,4620.7,100.6,0.198807157058,0.0596421471173,48.4225,2
114,Uzbekistan,17.0,3.973,1236600.0,31125000.0,74.62,28.35,32.09,12.14,1.0,Central Asia,24.8,306676.8,985.3,0.0172536283365,0.00101491931391,36.8,2
115,Tunisia,20.0,0.766,85000.0,11102000.0,40.01,25.97,42.84,28.91,1.0,Africa,12.3,10455.0,94.2,0.212314225053,0.0106157112527,34.4325,2
116,Djibouti,17.0,0.52,4600.0,888000.0,49.13,43.61,55.25,32.42,1.0,Africa,12.3,565.8,63.7,0.266875981162,0.0156985871272,45.1025,2
117,Timor-Leste,9.0,0.286,3500.0,1235000.0,38.88,48.07,68.55,1.0,0.0,Southeast Asia,8.4,294.0,23.8,0.378151260504,0.0,39.125,2
118,Colombia,25.0,0.639,308200.0,48229000.0,51.72,26.54,46.78,43.49,10.0,South America,23.0,70886.0,147.0,0.170068027211,0.0680272108844,42.1325,2
119,Burundi,12.0,0.638,71400.0,11179000.0,64.08,52.22,51.4,37.17,2.0,Africa,12.3,8782.2,78.6,0.152671755725,0.0254452926209,51.2175,2
120,Taiwan,26.0,0.228,53600.0,23476640.0,34.91,33.38,22.34,1.76,3.0,East Asia,8.4,4502.4,19.2,1.35416666667,0.15625,23.0975,7
121,Cyprus,25.0,0.404,4700.0,1165000.0,27.6,23.25,28.95,30.9,6.0,Western Asia,16.1,756.7,65.0,0.384615384615,0.0923076923077,27.675,2
122,Barbados,20.0,0.212,600.0,284000.0,39.7,15.41,67.0,1.0,1.0,Caribbean,10.9,65.4,23.0,0.869565217391,0.0434782608696,30.7775,7
123,Madagascar,15.0,0.674,163400.0,24235000.0,50.37,50.87,52.86,15.99,1.0,Africa,12.3,20098.2,82.9,0.180940892642,0.0120627261761,42.5225,2
124,Italy,24.0,0.211,129600.0,61373000.0,36.39,21.5,33.62,38.56,17.0,Europe,22.1,28641.6,46.7,0.51391862955,0.364025695931,32.5175,2
125,Sudan,9.0,1.13,454700.0,40235000.0,80.64,54.12,46.18,85.04,2.0,Africa,12.3,55928.1,139.0,0.0647482014388,0.0143884892086,66.495,2
126,Nepal,22.0,0.823,234600.0,28514000.0,42.3,43.22,34.74,41.21,26.0,South Asia,24.8,58180.8,204.0,0.107843137255,0.127450980392,40.3675,2
127,"Hong Kong, SAR China",6.0,0.404,29500.0,7287000.0,42.28,17.55,21.44,35.65,5.0,East Asia,8.4,2478.0,34.0,0.176470588235,0.147058823529,29.23,2
128,Democratic Republic of the Congo,7.0,1.13,873100.0,77267000.0,78.42,56.33,56.72,82.43,15.0,Africa,12.3,107391.3,139.0,0.0503597122302,0.107913669065,68.475,2
129,Suriname,15.0,0.453,2500.0,543000.0,36.66,12.35,67.0,38.67,0.0,South America,23.0,575.0,105.9,0.14164305949,0.0,38.67,2
130,Venezuela,11.0,0.639,198800.0,31108000.0,58.82,27.75,55.42,35.94,3.0,South America,23.0,45724.0,147.0,0.0748299319728,0.0204081632653,44.4825,2
131,Israel,26.0,0.14,11600.0,8343000.0,33.66,23.67,38.28,51.85,4.0,Western Asia,16.1,1867.6,22.4,1.16071428571,0.178571428571,36.865,7
132,Iceland,22.0,0.123,400.0,331000.0,24.88,12.22,20.43,15.03,1.0,Europe,22.1,88.4,26.7,0.823970037453,0.0374531835206,18.14,7
133,Zambia,19.0,0.674,109300.0,16212000.0,45.1,58.76,50.03,24.46,3.0,Africa,12.3,13443.9,82.9,0.229191797346,0.0361881785283,44.5875,2
134,Senegal,22.0,0.52,78700.0,15129000.0,44.97,42.31,36.96,35.48,1.0,Africa,12.3,9680.1,64.0,0.34375,0.015625,39.93,2
135,Papua New Guinea,6.0,0.62,47200.0,7619000.0,50.12,62.85,99.99,23.1,0.0,Oceania,20.0,9440.0,123.9,0.0484261501211,0.0,59.015,2
136,Trinidad and Tobago,17.0,0.453,6200.0,1360000.0,35.88,14.4,67.0,16.26,3.0,Caribbean,10.9,675.8,49.7,0.342052313883,0.0603621730382,33.385,2
137,Zimbabwe,12.0,0.638,99600.0,15603000.0,60.28,52.25,48.92,26.78,1.0,Africa,12.3,12250.8,78.5,0.152866242038,0.0127388535032,47.0575,2
138,Jordan,22.0,0.639,42900.0,6718000.0,48.39,27.97,54.16,37.73,4.0,Western Asia,16.1,6906.9,102.8,0.214007782101,0.0389105058366,42.0625,2
139,Denmark,33.0,0.018,1000.0,5660000.0,15.68,18.53,11.06,23.92,3.0,Europe,22.1,221.0,3.9,8.46153846154,0.769230769231,17.2975,4
140,Kazakhstan,14.0,0.467,81600.0,17488000.0,59.05,22.08,28.19,22.12,4.0,Central Asia,24.8,20236.8,115.7,0.121002592913,0.0345721694036,32.86,2
141,Poland,27.0,0.476,181100.0,38025000.0,34.76,19.5,29.07,23.33,3.0,Europe,22.1,40023.1,105.3,0.25641025641,0.02849002849,26.665,2
142,Eritrea,2.0,0.674,35300.0,5228000.0,59.44,51.05,62.88,24.82,0.0,Africa,12.3,4341.9,83.1,0.0240673886883,0.0,49.5475,2
143,Kyrgyzstan,16.0,0.467,27700.0,5934000.0,54.16,28.33,36.37,21.88,1.0,Central Asia,24.8,6869.6,115.8,0.13816925734,0.00863557858377,35.185,2
144,Macedonia,29.0,0.639,13300.0,2078000.0,49.81,24.38,44.06,24.11,3.0,Europe,22.1,2939.3,141.4,0.205091937765,0.021216407355,35.59,2
145,North Korea,0.0,4.373,1100000.0,25155000.0,71.2,48.27,62.88,1.0,0.0,East Asia,8.4,92400.0,367.3,0.0,0.0,45.8375,2
146,Sri Lanka,19.0,0.221,45900.0,20781000.0,47.01,35.12,31.82,31.08,3.0,South Asia,24.8,11383.2,54.8,0.346715328467,0.0547445255474,36.2575,2
147,Latvia,29.0,0.404,8000.0,1979000.0,41.95,20.25,33.22,12.95,1.0,Europe,22.1,1768.0,89.3,0.324748040314,0.0111982082867,27.0925,2
148,South Sudan,8.0,1.13,139400.0,12340000.0,74.73,50.7,60.8,76.15,2.0,Africa,12.3,17146.2,138.9,0.0575953923686,0.0143988480922,65.595,2
149,Japan,21.0,0.228,290200.0,127046000.0,25.23,19.09,22.16,19.13,6.0,East Asia,8.4,24376.8,19.2,1.09375,0.3125,21.4025,7
150,Honduras,20.0,0.295,23800.0,8075000.0,53.76,34.82,60.12,16.38,1.0,Central America,10.9,2594.2,32.1,0.623052959502,0.0311526479751,41.27,2
151,Myanmar,21.0,0.956,515100.0,53897000.0,57.81,50.11,50.53,66.99,6.0,Southeast Asia,8.4,43268.4,80.3,0.261519302615,0.0747198007472,56.36,2
152,Equatorial Guinea,4.0,0.295,2500.0,845000.0,56.66,40.62,46.38,1.0,0.0,Africa,12.3,307.5,36.4,0.10989010989,0.0,36.165,2
153,Egypt,22.0,0.626,572900.0,91508000.0,51.25,27.9,62.96,54.85,2.0,Africa,12.3,70466.7,77.0,0.285714285714,0.025974025974,49.24,2
154,Singapore,15.0,0.165,9200.0,5563000.0,29.85,22.11,20.58,1.0,2.0,Southeast Asia,8.4,772.8,13.9,1.07913669065,0.143884892086,18.385,7
155,Serbia,26.0,0.404,28700.0,7087000.0,47.8,21.75,30.24,27.05,6.0,Europe,22.1,6342.7,89.5,0.290502793296,0.0670391061453,31.71,2
156,United Kingdom,34.0,0.018,11700.0,64856000.0,18.45,20.37,21.83,46.5,56.0,Europe,22.1,2585.7,4.0,8.5,14.0,26.7875,3
157,Greece,23.0,0.404,44200.0,10942000.0,37.64,22.74,38.1,38.77,49.0,Europe,22.1,9768.2,89.3,0.257558790594,0.548712206047,34.3125,2
158,Paraguay,22.0,0.404,26800.0,6639000.0,46.02,21.22,38.92,26.14,2.0,South America,23.0,6164.0,92.8,0.237068965517,0.0215517241379,33.075,2
159,Namibia,16.0,0.674,16600.0,2459000.0,39.0,43.68,51.42,18.27,1.0,Africa,12.3,2041.8,83.0,0.192771084337,0.0120481927711,38.0925,2
160,Botswana,13.0,0.52,11800.0,2262000.0,37.25,42.82,46.38,19.21,0.0,Africa,12.3,1451.4,64.2,0.202492211838,0.0,36.415,2
